ixs_xme|0000ALX0B5IS|1|1|NOW=20180502173727|
H0|IÈO: 70892822|Název: Pardubický kraj|GINIS - UCR|Vytvoøeno: 02.05.2018 17:37:27|UHKXLSRN 020520181725|0000ALV06ULD|(O432 O)|Sestava pro srovnávací analýzu|mìsíc 05 / 2017 (v Kè)|Aktuální úèetní rok 2017|Referenèní úèetní rok 2014|Akt. mìsíc 05|Støedisko:          0     |
RADEK|501|0330|Spotøeba materiálu|1 725 707,57|0,00|1 725 707,57|2 124 138,34|683 193,12|2 807 331,46|123%|0,00|163%|
RADEK|501|0331|Spotøeba materiálu -2.výd.úèet|8 690,00|0,00|8 690,00|5 393,00|0,00|5 393,00|62%|0,00|62%|
SUMA-SU|501|Spotøeba materiálu|1 734 397,57|0,00|1 734 397,57|2 129 531,34|683 193,12|2 812 724,46|123%|0,00|162%|
RADEK|502|0321|Spotøeba energie - DPH|0,00|0,00|0,00|-39 525,12|-41 869,98|-81 395,10|0,00|0,00|0,00|
RADEK|502|0330|Spotøeba energie|2 220 808,80|0,00|2 220 808,80|2 147 595,00|549 365,00|2 696 960,00|97%|0,00|121%|
SUMA-SU|502|Spotøeba energie|2 220 808,80|0,00|2 220 808,80|2 108 069,88|507 495,02|2 615 564,90|95%|0,00|118%|
RADEK|503|0330|Spotøeba jiných neskladovatelných dodávek|137 011,17|0,00|137 011,17|151 544,00|31 424,00|182 968,00|111%|0,00|134%|
SUMA-SU|503|Spotøeba jiných neskladovatelných dodávek|137 011,17|0,00|137 011,17|151 544,00|31 424,00|182 968,00|111%|0,00|134%|
RADEK|511|0330|Opravy a udržování|708 331,53|0,00|708 331,53|671 572,99|46 420,48|717 993,47|95%|0,00|101%|
SUMA-SU|511|Opravy a udržování|708 331,53|0,00|708 331,53|671 572,99|46 420,48|717 993,47|95%|0,00|101%|
RADEK|512|0330|Cestovné|535 081,84|0,00|535 081,84|523 630,95|180 055,39|703 686,34|98%|0,00|132%|
SUMA-SU|512|Cestovné|535 081,84|0,00|535 081,84|523 630,95|180 055,39|703 686,34|98%|0,00|132%|
RADEK|513|0330|Náklady na reprezentaci|330 671,10|0,00|330 671,10|427 060,85|66 824,00|493 884,85|129%|0,00|149%|
RADEK|513|0331|Náklady na reprezentaci - výd.ú.2|7 629,00|0,00|7 629,00|953,00|0,00|953,00|12%|0,00|12%|
SUMA-SU|513|Náklady na reprezentaci|338 300,10|0,00|338 300,10|428 013,85|66 824,00|494 837,85|127%|0,00|146%|
RADEK|518|0310|Ostatní služby|3 866,40|0,00|3 866,40|5 025,20|1 877,20|6 902,40|130%|0,00|179%|
RADEK|518|0311|Ostatní služby - školský úèet|3 737,00|0,00|3 737,00|4 269,00|1 308,40|5 577,40|114%|0,00|149%|
RADEK|518|0320|Ostatní služby - pøíjmový úèet|0,00|0,00|0,00|0,00|-580,00|-580,00|0,00|0,00|0,00|
RADEK|518|0321|Ostatní služby - Refundace služby - DPH|0,00|0,00|0,00|-48 320,61|-63 373,59|-111 694,20|0,00|0,00|0,00|
RADEK|518|0330|Ostatní služby|9 778 026,77|0,00|9 778 026,77|11 821 141,07|3 721 472,83|15 542 613,90|121%|0,00|159%|
RADEK|518|0331|Ostatní služby - výd.ú,2|91 059,00|0,00|91 059,00|638 407,75|69 772,00|708 179,75|701%|0,00|778%|
RADEK|518|0332|Ostatní služby|191 857 805,92|0,00|191 857 805,92|236 547 172,58|55 097 067,02|291 644 239,60|123%|0,00|152%|
RADEK|518|0380|Ostatní služby|0,00|0,00|0,00|350,00|0,00|350,00|0,00|0,00|0,00|
RADEK|518|0381|Ostatní služby|0,00|0,00|0,00|1 773 431,40|384 660,00|2 158 091,40|0,00|0,00|0,00|
RADEK|518|0540|Ostatní služby|0,00|0,00|0,00|0,00|0,00|0,00|0,00|0,00|0,00|
RADEK|518|0740|Ostatní služby|0,00|0,00|0,00|0,00|0,00|0,00|0,00|0,00|0,00|
RADEK|518|0910|Ostatní služby|0,00|0,00|0,00|0,00|0,00|0,00|0,00|0,00|0,00|
RADEK|518|0980|Ostatní služby AÚ 0980|0,00|0,00|0,00|11 300,00|0,00|11 300,00|0,00|0,00|0,00|
SUMA-SU|518|Ostatní služby|201 734 495,09|0,00|201 734 495,09|250 752 776,39|59 212 203,86|309 964 980,25|124%|0,00|154%|
RADEK|521|0330|Mzdové náklady - položka 5011|36 917 232,49|0,00|36 917 232,49|40 255 358,31|15 090 232,00|55 345 590,31|109%|0,00|150%|
RADEK|521|0530|Mzdové náklady - položka 5019|3 929,00|0,00|3 929,00|6 097,39|0,00|6 097,39|155%|0,00|155%|
RADEK|521|0630|Mzdové náklady - položka 5021|1 158 422,00|0,00|1 158 422,00|966 956,00|278 750,00|1 245 706,00|83%|0,00|108%|
RADEK|521|0830|Mzdové náklady - položka 5023|3 525 845,00|0,00|3 525 845,00|3 893 439,00|950 648,00|4 844 087,00|110%|0,00|137%|
RADEK|521|0930|Mzdové náklady - položka 5424|234 139,60|0,00|234 139,60|150 660,00|26 808,00|177 468,00|64%|0,00|76%|
SUMA-SU|521|Mzdové náklady|41 839 568,09|0,00|41 839 568,09|45 272 510,70|16 346 438,00|61 618 948,70|108%|0,00|147%|
RADEK|524|0330|Zákonné sociální pojištìní|13 915 535,29|0,00|13 915 535,29|15 213 604,90|5 510 604,00|20 724 208,90|109%|0,00|149%|
SUMA-SU|524|Zákonné sociální pojištìní|13 915 535,29|0,00|13 915 535,29|15 213 604,90|5 510 604,00|20 724 208,90|109%|0,00|149%|
RADEK|525|0330|Jiné sociální pojištìní|167 848,11|0,00|167 848,11|290 534,00|0,00|290 534,00|173%|0,00|173%|
SUMA-SU|525|Jiné sociální pojištìní|167 848,11|0,00|167 848,11|290 534,00|0,00|290 534,00|173%|0,00|173%|
RADEK|531|0331|Daò silnièní|6 950,00|0,00|6 950,00|4 372,00|0,00|4 372,00|63%|0,00|63%|
SUMA-SU|531|Daò silnièní|6 950,00|0,00|6 950,00|4 372,00|0,00|4 372,00|63%|0,00|63%|
RADEK|532|0330|Daò z nemovitostí|0,00|0,00|0,00|0,00|212 209,00|212 209,00|0,00|0,00|0,00|
SUMA-SU|532|Daò z nemovitostí|0,00|0,00|0,00|0,00|212 209,00|212 209,00|0,00|0,00|0,00|
RADEK|538|0330|Jiné danì a poplatky|37 144,00|0,00|37 144,00|27 420,00|36 396,00|63 816,00|74%|0,00|172%|
RADEK|538|0331|Jiné danì a poplatky-2.výd.ú.|0,00|0,00|0,00|0,00|0,00|0,00|0,00|0,00|0,00|
RADEK|538|0332|Jiné danì a poplatky|965,04|0,00|965,04|0,00|0,00|0,00|0%|0,00|0%|
SUMA-SU|538|Jiné danì a poplatky|38 109,04|0,00|38 109,04|27 420,00|36 396,00|63 816,00|72%|0,00|167%|
RADEK|542|0331|Jiné pokuty a penále - úèet výdajový bìžný AÚ 0331|0,00|0,00|0,00|639,00|0,00|639,00|0,00|0,00|0,00|
SUMA-SU|542|Jiné pokuty a penále|0,00|0,00|0,00|639,00|0,00|639,00|0,00|0,00|0,00|
RADEK|543|0330|Dary a jiná bezúplatná pøedání|650 565,40|0,00|650 565,40|318 165,80|39 990,00|358 155,80|49%|0,00|55%|
RADEK|543|0331|Dary a jiná bezúplatná pøedání|0,00|0,00|0,00|0,00|10 000,00|10 000,00|0,00|0,00|0,00|
SUMA-SU|543|Dary a jiná bezúplatná pøedání|650 565,40|0,00|650 565,40|318 165,80|49 990,00|368 155,80|49%|0,00|57%|
RADEK|548|0330|Tvorba fondù|1 900 000,00|0,00|1 900 000,00|1 688 000,00|1 650 000,00|3 338 000,00|89%|0,00|176%|
SUMA-SU|548|Tvorba fondù|1 900 000,00|0,00|1 900 000,00|1 688 000,00|1 650 000,00|3 338 000,00|89%|0,00|176%|
RADEK|549|0330|Ostatní náklady z èinnosti|5 528 196,50|0,00|5 528 196,50|7 731 355,00|90 083,00|7 821 438,00|140%|0,00|141%|
SUMA-SU|549|Ostatní náklady z èinnosti|5 528 196,50|0,00|5 528 196,50|7 731 355,00|90 083,00|7 821 438,00|140%|0,00|141%|
RADEK|551|0300|Odpisy dlouhodobého majetku|22 697 112,80|0,00|22 697 112,80|42 868 179,87|6 345 676,35|49 213 856,22|189%|0,00|217%|
SUMA-SU|551|Odpisy dlouhodobého majetku|22 697 112,80|0,00|22 697 112,80|42 868 179,87|6 345 676,35|49 213 856,22|189%|0,00|217%|
RADEK|553|0300|Prodaný dlouhodobý hmotný majetek|0,00|0,00|0,00|392 723,00|0,00|392 723,00|0,00|0,00|0,00|
RADEK|553|0321|Prodaný dlouhodobý hmotný majetek|0,00|0,00|0,00|4 123 475,49|0,00|4 123 475,49|0,00|0,00|0,00|
SUMA-SU|553|Prodaný dlouhodobý hmotný majetek|0,00|0,00|0,00|4 516 198,49|0,00|4 516 198,49|0,00|0,00|0,00|
RADEK|554|0300|Prodané pozemky|0,00|0,00|0,00|0,00|0,00|0,00|0,00|0,00|0,00|
RADEK|554|0321|Prodané pozemky|135 759,00|0,00|135 759,00|367 005,94|1 102,50|368 108,44|270%|0,00|271%|
SUMA-SU|554|Prodané pozemky|135 759,00|0,00|135 759,00|367 005,94|1 102,50|368 108,44|270%|0,00|271%|
RADEK|556|0750|Tvorba a zúètování opravných položek|185 248,10|0,00|185 248,10|0,00|0,00|0,00|0%|0,00|0%|
SUMA-SU|556|Tvorba a zúètování opravných položek|185 248,10|0,00|185 248,10|0,00|0,00|0,00|0%|0,00|0%|
RADEK|557|0320|Náklady z vyøazených pohledávek|0,00|0,00|0,00|14 000,00|0,00|14 000,00|0,00|0,00|0,00|
SUMA-SU|557|Náklady z vyøazených pohledávek|0,00|0,00|0,00|14 000,00|0,00|14 000,00|0,00|0,00|0,00|
RADEK|558|0330|Náklady z drobného dlouhodobého majetku|1 993 514,11|0,00|1 993 514,11|469 480,80|78 429,24|547 910,04|24%|0,00|27%|
SUMA-SU|558|Náklady z drobného dlouhodobého majetku|1 993 514,11|0,00|1 993 514,11|469 480,80|78 429,24|547 910,04|24%|0,00|27%|
RADEK|562|0330|Úroky - úvìr|1 224 116,24|0,00|1 224 116,24|2 059 395,86|1 781 193,44|3 840 589,30|168%|0,00|314%|
SUMA-SU|562|Úroky|1 224 116,24|0,00|1 224 116,24|2 059 395,86|1 781 193,44|3 840 589,30|168%|0,00|314%|
RADEK|563|0330|Kurzové ztráty|4 191,89|0,00|4 191,89|9 668,04|0,00|9 668,04|231%|0,00|231%|
SUMA-SU|563|Kurzové ztráty|4 191,89|0,00|4 191,89|9 668,04|0,00|9 668,04|231%|0,00|231%|
RADEK|564|0321|Náklady z pøecenìní reálnou hodnotou - 321|0,00|0,00|0,00|3 365 741,51|0,00|3 365 741,51|0,00|0,00|0,00|
SUMA-SU|564|Náklady z pøecenìní reálnou hodnotou|0,00|0,00|0,00|3 365 741,51|0,00|3 365 741,51|0,00|0,00|0,00|
RADEK|572|0311|Náklady vybr.místních vládních institucí na transf|1 609 200,00|0,00|1 609 200,00|0,00|0,00|0,00|0%|0,00|0%|
RADEK|572|0330|Náklady vybr.místních vládních institucí na transf|79 572 143,00|0,00|79 572 143,00|2 765 234,77|246 000,00|3 011 234,77|3%|0,00|4%|
RADEK|572|0331|Náklady vybr.místních vládních institucí na transf|142 452 496,00|0,00|142 452 496,00|131 932 473,00|27 213 000,00|159 145 473,00|93%|0,00|112%|
RADEK|572|0332|Náklady vybr.místních vládních institucí na transf|150 150 899,56|0,00|150 150 899,56|140 000 000,00|30 250 000,00|170 250 000,00|93%|0,00|113%|
RADEK|572|0620|Náklady vybr.místních vládních inst.|0,00|0,00|0,00|0,00|0,00|0,00|0,00|0,00|0,00|
RADEK|572|0730|Náklady vybr.místních vládních inst.|0,00|0,00|0,00|0,00|0,00|0,00|0,00|0,00|0,00|
SUMA-SU|572|Náklady vybr.místních vládních institucí na transf|373 784 738,56|0,00|373 784 738,56|274 697 707,77|57 709 000,00|332 406 707,77|73%|0,00|89%|
SUMA-SUXX|5|Náklady|671 479 879,23|0,00|671 479 879,23|655 679 119,08|150 538 737,40|806 217 856,48|98%|0,00|120%|
RADEK|602|0320|Výnosy z prodeje služeb|600,00|0,00|600,00|0,00|0,00|0,00|0%|0,00|0%|
RADEK|602|0321|Výnosy z prodeje služeb - DPH|620 262,04|0,00|620 262,04|639 824,03|-27 211,54|612 612,49|103%|0,00|99%|
RADEK|602|0330|Výnosy za služby k nákladovému úètu|0,00|0,00|0,00|0,00|28 000,00|28 000,00|0,00|0,00|0,00|
SUMA-SU|602|Výnosy z prodeje služeb|620 862,04|0,00|620 862,04|639 824,03|788,46|640 612,49|103%|0,00|103%|
RADEK|603|0321|Výnosy z pronájmu - DPH|11 897 640,56|0,00|11 897 640,56|11 119 358,50|2 685 630,00|13 804 988,50|93%|0,00|116%|
SUMA-SU|603|Výnosy z pronájmu|11 897 640,56|0,00|11 897 640,56|11 119 358,50|2 685 630,00|13 804 988,50|93%|0,00|116%|
RADEK|604|0321|Výnosy z prodaného zboží - DPH|17 603,20|0,00|17 603,20|0,00|0,00|0,00|0%|0,00|0%|
SUMA-SU|604|Výnosy z prodaného zboží|17 603,20|0,00|17 603,20|0,00|0,00|0,00|0%|0,00|0%|
RADEK|605|0320|Výnosy ze správních poplatkù|413 730,00|0,00|413 730,00|849 340,00|128 360,00|977 700,00|205%|0,00|236%|
SUMA-SU|605|Výnosy ze správních poplatkù|413 730,00|0,00|413 730,00|849 340,00|128 360,00|977 700,00|205%|0,00|236%|
RADEK|641|0332|Smluvní pokuty a úroky z prodlení|2 338 800,00|0,00|2 338 800,00|2 000,00|0,00|2 000,00|0%|0,00|0%|
SUMA-SU|641|Smluvní pokuty a úroky z prodlení|2 338 800,00|0,00|2 338 800,00|2 000,00|0,00|2 000,00|0%|0,00|0%|
RADEK|642|0320|Jiné pokuty a penále|768 100,00|0,00|768 100,00|498 100,00|212 350,00|710 450,00|65%|0,00|92%|
RADEK|642|0331|Jiné pokuty a penále|49 040,00|0,00|49 040,00|31 567,00|13 700,00|45 267,00|64%|0,00|92%|
RADEK|642|0540|Jiné pokuty a penále|0,00|0,00|0,00|3 780,69|0,00|3 780,69|0,00|0,00|0,00|
SUMA-SU|642|Jiné pokuty a penále|817 140,00|0,00|817 140,00|533 447,69|226 050,00|759 497,69|65%|0,00|93%|
RADEK|644|0321|Výnosy z prodeje materiálu - Pø.úèet danì|2 626,00|0,00|2 626,00|7 084,00|1 980,00|9 064,00|270%|0,00|345%|
SUMA-SU|644|Výnosy z prodeje materiálu|2 626,00|0,00|2 626,00|7 084,00|1 980,00|9 064,00|270%|0,00|345%|
RADEK|646|0321|Výnosy z prodeje DHM kromì pozemkù (DPH)|0,00|0,00|0,00|4 420 768,00|0,00|4 420 768,00|0,00|0,00|0,00|
SUMA-SU|646|Výnosy z prodeje DHM kromì pozemkù|0,00|0,00|0,00|4 420 768,00|0,00|4 420 768,00|0,00|0,00|0,00|
RADEK|647|0321|Výnosy z prodeje pozemkù - pøíjmový úèet - danì|58 086,00|0,00|58 086,00|309 650,00|0,00|309 650,00|533%|0,00|533%|
SUMA-SU|647|Výnosy z prodeje pozemkù|58 086,00|0,00|58 086,00|309 650,00|0,00|309 650,00|533%|0,00|533%|
RADEK|649|0320|Ostatní výnosy z èinnosti|43 883 353,85|0,00|43 883 353,85|8 436 556,00|5 798 151,00|14 234 707,00|19%|0,00|32%|
RADEK|649|0321|Ostatní výnosy z èinnosti (DPH)|274 657,00|0,00|274 657,00|449 760,00|0,00|449 760,00|164%|0,00|164%|
RADEK|649|0330|Ostatní výnosy z èinnosti|231 369,01|0,00|231 369,01|259 248,40|0,00|259 248,40|112%|0,00|112%|
RADEK|649|0332|Ostatní výnosy z èinnosti - ODSHI|850,00|0,00|850,00|1 246 598,30|0,00|1 246 598,30|146659%|0,00|146659%|
SUMA-SU|649|Ostatní výnosy z èinnosti|44 390 229,86|0,00|44 390 229,86|10 392 162,70|5 798 151,00|16 190 313,70|23%|0,00|36%|
RADEK|662|0310|Úroky - ZBÚ|125,01|0,00|125,01|377 658,72|77 759,49|455 418,21|302103%|0,00|364305%|
RADEK|662|0311|Úroky - ZBÚ školáci|4 327,89|0,00|4 327,89|8 199,18|1 172,08|9 371,26|189%|0,00|217%|
RADEK|662|0320|Úroky|606,06|0,00|606,06|192 273,26|38 627,37|230 900,63|31725%|0,00|38099%|
RADEK|662|0321|Úroky - Pøíjmový úèet danì|31,60|0,00|31,60|623,44|83,74|707,18|1973%|0,00|2238%|
RADEK|662|0330|Úroky|84,94|0,00|84,94|1 810,06|686,34|2 496,40|2131%|0,00|2939%|
RADEK|662|0331|Úroky - Výdaj. úèet 2|0,00|0,00|0,00|1 371,00|802,12|2 173,12|0,00|0,00|0,00|
RADEK|662|0332|Úroky - ZBÚ ODSH|0,00|0,00|0,00|3 458,50|-74,41|3 384,09|0,00|0,00|0,00|
RADEK|662|0380|Úroky - ZBÚ úvìr|0,00|0,00|0,00|0,05|0,00|0,05|0,00|0,00|0,00|
RADEK|662|0381|Úroky - Vodní zákon|0,00|0,00|0,00|15 671,75|-816,68|14 855,07|0,00|0,00|0,00|
RADEK|662|0382|Úroky - ÈSOB úvìr|2 249,67|0,00|2 249,67|207 880,67|34 122,26|242 002,93|9240%|0,00|10757%|
RADEK|662|0383|OŽPZ ovzduší|8,88|0,00|8,88|0,00|0,00|0,00|0%|0,00|0%|
RADEK|662|0400|Úroky - Depozitní úèet|0,00|0,00|0,00|462,01|83,98|545,99|0,00|0,00|0,00|
RADEK|662|0430|Úroky|0,00|0,00|0,00|1,58|0,00|1,58|0,00|0,00|0,00|
RADEK|662|0450|Úroky|2 250,02|0,00|2 250,02|4,29|0,59|4,88|0%|0,00|0%|
RADEK|662|0460|Úroky|18,14|0,00|18,14|0,00|0,00|0,00|0%|0,00|0%|
RADEK|662|0470|Úroky|88,04|0,00|88,04|0,00|0,00|0,00|0%|0,00|0%|
RADEK|662|0540|Úroky|22,74|0,00|22,74|230,51|3,64|234,15|1014%|0,00|1030%|
RADEK|662|0600|Úroky|0,00|0,00|0,00|417,52|39,30|456,82|0,00|0,00|0,00|
RADEK|662|0610|Úroky|0,00|0,00|0,00|1 498,32|120,06|1 618,38|0,00|0,00|0,00|
RADEK|662|0620|Úroky|0,00|0,00|0,00|317,01|4,14|321,15|0,00|0,00|0,00|
RADEK|662|0630|Úroky|0,00|0,00|0,00|21,98|0,00|21,98|0,00|0,00|0,00|
RADEK|662|0640|Úroky|0,02|0,00|0,02|145,46|2,57|148,03|727300%|0,00|740150%|
RADEK|662|0650|Úroky|0,00|0,00|0,00|1 505,64|204,32|1 709,96|0,00|0,00|0,00|
RADEK|662|0660|Úroky|0,11|0,00|0,11|6 572,69|887,03|7 459,72|5975173%|0,00|6781564%|
RADEK|662|0670|Úroky|0,00|0,00|0,00|2 463,53|327,01|2 790,54|0,00|0,00|0,00|
RADEK|662|0690|Úroky|0,00|0,00|0,00|0,08|0,00|0,08|0,00|0,00|0,00|
RADEK|662|0700|Úroky|0,00|0,00|0,00|24,41|2,19|26,60|0,00|0,00|0,00|
RADEK|662|0701|Úroky|0,00|0,00|0,00|131,97|44,93|176,90|0,00|0,00|0,00|
RADEK|662|0710|Úroky|0,00|0,00|0,00|64,04|0,00|64,04|0,00|0,00|0,00|
RADEK|662|0720|Úroky|0,00|0,00|0,00|25,15|0,84|25,99|0,00|0,00|0,00|
RADEK|662|0730|Úroky|0,00|0,00|0,00|136,02|35,17|171,19|0,00|0,00|0,00|
RADEK|662|0740|Úroky|1 608,77|0,00|1 608,77|1 606,50|0,00|1 606,50|100%|0,00|100%|
RADEK|662|0750|Úroky|0,00|0,00|0,00|7 568,72|768,17|8 336,89|0,00|0,00|0,00|
RADEK|662|0770|Úroky|0,00|0,00|0,00|277,11|7,56|284,67|0,00|0,00|0,00|
RADEK|662|0780|Úroky|0,00|0,00|0,00|13,16|1,46|14,62|0,00|0,00|0,00|
RADEK|662|0790|Úroky|0,90|0,00|0,90|661,26|10,58|671,84|73473%|0,00|74649%|
RADEK|662|0800|Úroky|0,00|0,00|0,00|4,05|0,56|4,61|0,00|0,00|0,00|
RADEK|662|0810|Úroky|0,00|0,00|0,00|0,60|0,02|0,62|0,00|0,00|0,00|
RADEK|662|0820|Úroky|0,00|0,00|0,00|45,07|11,82|56,89|0,00|0,00|0,00|
RADEK|662|0830|Úroky|0,00|0,00|0,00|77,92|10,72|88,64|0,00|0,00|0,00|
RADEK|662|0850|Úroky|0,00|0,00|0,00|15,60|4,12|19,72|0,00|0,00|0,00|
RADEK|662|0870|Úroky|0,00|0,00|0,00|21,90|2,25|24,15|0,00|0,00|0,00|
RADEK|662|0880|Úroky|0,00|0,00|0,00|7 337,85|666,46|8 004,31|0,00|0,00|0,00|
RADEK|662|0890|Úroky|0,00|0,00|0,00|2 168,57|100,19|2 268,76|0,00|0,00|0,00|
RADEK|662|0900|Úroky|0,00|0,00|0,00|1 561,80|22,25|1 584,05|0,00|0,00|0,00|
RADEK|662|0910|Úroky|8,15|0,00|8,15|22,11|2,24|24,35|271%|0,00|299%|
RADEK|662|0920|Úroky|0,00|0,00|0,00|856,46|167,62|1 024,08|0,00|0,00|0,00|
RADEK|662|0930|Úroky|0,00|0,00|0,00|0,00|8,89|8,89|0,00|0,00|0,00|
RADEK|662|0940|Úroky|0,00|0,00|0,00|913,27|185,14|1 098,41|0,00|0,00|0,00|
RADEK|662|0950|Úroky|0,00|0,00|0,00|62,27|9,37|71,64|0,00|0,00|0,00|
RADEK|662|0960|Úroky|0,00|0,00|0,00|19,04|2,62|21,66|0,00|0,00|0,00|
RADEK|662|0970|Úroky|0,00|0,00|0,00|495,25|65,72|560,97|0,00|0,00|0,00|
RADEK|662|0980|Úroky|18,90|0,00|18,90|10 156,14|1 003,18|11 159,32|53736%|0,00|59044%|
RADEK|662|0990|Úroky|0,00|0,00|0,00|87,94|28,46|116,40|0,00|0,00|0,00|
SUMA-SU|662|Úroky|11 449,84|0,00|11 449,84|856 941,43|157 197,48|1 014 138,91|7484%|0,00|8857%|
RADEK|663|0330|Kurzové zisky|0,00|0,00|0,00|5,56|0,00|5,56|0,00|0,00|0,00|
SUMA-SU|663|Kurzové zisky|0,00|0,00|0,00|5,56|0,00|5,56|0,00|0,00|0,00|
RADEK|669|0310|Ostatní finanèní výnosy|0,00|0,00|0,00|1 566,34|0,00|1 566,34|0,00|0,00|0,00|
RADEK|669|0311|Ostatní finanèní výnosy - ÈNB školství|0,00|0,00|0,00|20 397,26|0,00|20 397,26|0,00|0,00|0,00|
SUMA-SU|669|Ostatní finanèní výnosy|0,00|0,00|0,00|21 963,60|0,00|21 963,60|0,00|0,00|0,00|
RADEK|672|0300|Výnosy vybran.místních vládních institucí z transf|4 331 069,27|0,00|4 331 069,27|921 975,82|225 486,01|1 147 461,83|21%|0,00|26%|
RADEK|672|0310|Výnosy vybran.místních vládních institucí z transf|24 328 600,00|0,00|24 328 600,00|22 149 332,00|6 308 893,35|28 458 225,35|91%|0,00|117%|
RADEK|672|0311|Výnosy vybran.místních vládních institucí z transf|3 415 061,96|0,00|3 415 061,96|0,00|0,00|0,00|0%|0,00|0%|
RADEK|672|0330|Výnosy vybran.místních vládních institucí z transf|123 757,00|0,00|123 757,00|5 634,00|0,00|5 634,00|5%|0,00|5%|
RADEK|672|0331|Výnosy vybran.místních vládních institucí z transf|292 876,00|0,00|292 876,00|108 377,00|0,00|108 377,00|37%|0,00|37%|
RADEK|672|0332|Výnosy vybran.místních vládních institucí z transf|-1 907,75|0,00|-1 907,75|84 063,47|0,00|84 063,47|-4406%|0,00|-4406%|
RADEK|672|0540|Výnosy vybran.místních vládních institucí z transf|0,00|0,00|0,00|1 304 885,49|0,00|1 304 885,49|0,00|0,00|0,00|
RADEK|672|0620|Výnosy vybran.místních vládních institucí z transf|0,00|0,00|0,00|67 611,88|16 902,97|84 514,85|0,00|0,00|0,00|
RADEK|672|0780|Výnosy vybran.místních vládních institucí z transf|0,00|0,00|0,00|51 559,36|12 889,84|64 449,20|0,00|0,00|0,00|
SUMA-SU|672|Výnosy vybran.místních vládních institucí z transf|32 489 456,48|0,00|32 489 456,48|24 693 439,02|6 564 172,17|31 257 611,19|76%|0,00|96%|
RADEK|681|0320|Výnosy ze sdílené danì z pøíjmù FO - Pøíjmový úèet|222 206 889,24|0,00|222 206 889,24|230 887 193,90|51 774 319,19|282 661 513,09|104%|0,00|127%|
SUMA-SU|681|Výnosy ze sdílené danì z pøíjmù fyzických osob|222 206 889,24|0,00|222 206 889,24|230 887 193,90|51 774 319,19|282 661 513,09|104%|0,00|127%|
RADEK|682|0320|Výnosy ze sdílené danì z pøíjmù PO - Pøíjmový úèet|173 843 930,44|0,00|173 843 930,44|209 243 467,88|186 967,40|209 430 435,28|120%|0,00|120%|
SUMA-SU|682|Výnosy ze sdílené danì z pøíjmù právnických osob|173 843 930,44|0,00|173 843 930,44|209 243 467,88|186 967,40|209 430 435,28|120%|0,00|120%|
RADEK|684|0320|Výnosy ze sdílené danì z PH - Pøíjmový úèet|460 483 344,24|0,00|460 483 344,24|480 274 899,69|143 612 602,61|623 887 502,30|104%|0,00|135%|
SUMA-SU|684|Výnosy ze sdílené danì z pøidané hodnoty|460 483 344,24|0,00|460 483 344,24|480 274 899,69|143 612 602,61|623 887 502,30|104%|0,00|135%|
RADEK|688|0381|Výnosy z ostatních sdílených daní a poplatkù - Vod|7 863 001,00|0,00|7 863 001,00|5 012 583,00|-593 618,50|4 418 964,50|64%|0,00|56%|
RADEK|688|0383|OŽPZ ovzduší|1 051 275,00|0,00|1 051 275,00|0,00|0,00|0,00|0%|0,00|0%|
SUMA-SU|688|Výnosy z ostatních sdílených daní a poplatkù|8 914 276,00|0,00|8 914 276,00|5 012 583,00|-593 618,50|4 418 964,50|56%|0,00|50%|
SUMA-SUXX|6|Výnosy|958 506 063,90|0,00|958 506 063,90|979 264 129,00|210 542 599,81|1 189 806 728,81|102%|0,00|124%|
HV|Celkem (výnosy - náklady):|287 026 184,67|0,00|287 026 184,67|323 585 009,92|60 003 862,41|383 588 872,33|113%|0,00|134%|