ixs_xme|0000ALX0B7MU|1|1|NOW=20200618172917|
EXCEL|
HFO|Jihlava|Erbenova 9|654654/2020|Praha|Tajné|5|1|2|3|1ø. adresy|2ø. adresy|3ø. adresy|4ø. adresy|5ø. adresy|
HLA|UCRXL132 180620201653|Vytvoøeno 18.06.2020 17:29:19|||2|2003|  60162694|Èeská republika - Ministerstvo obrany|IÈO: 60162694|Název: ÈR - Ministerstvo obrany|Výdaje státního rozpoètu kapitoly MO ÈR za období 03/2003 v oblasti programového financování v èlenìní na kapitálové výdaje a bìžné výdaje související|( bez ostatních zdrojù )|ZA IÈO 60162694|0000ALV078ZC|(o384vvj5 I)|GINIS - UCR#|
ZAC|
A01| 0||         51 500,00|              0,00|        606 150,20|              0,00|        789 225,80|              0,00|
A01| 0||         51 500,00|              0,00|        606 150,20|              0,00|        789 225,80|              0,00|
A01| 0||         51 500,00|              0,00|        606 150,20|              0,00|        789 225,80|              0,00|
A01| 0||         51 500,00|              0,00|        606 150,20|              0,00|        789 225,80|              0,00|
A01| 0||         51 500,00|              0,00|        606 150,20|              0,00|        789 225,80|              0,00|
A01| 0||         51 500,00|              0,00|        606 150,20|              0,00|        789 225,80|              0,00|
A01| 0||         51 500,00|              0,00|        606 150,20|              0,00|        789 225,80|              0,00|
A01| 0||         51 500,00|              0,00|        606 150,20|              0,00|        789 225,80|              0,00|
A01| 0||         51 500,00|              0,00|        606 150,20|              0,00|        789 225,80|              0,00|
A01| 0||         51 500,00|              0,00|        606 150,20|              0,00|        789 225,80|              0,00|
A01| 0||         51 500,00|              0,00|        606 150,20|              0,00|        789 225,80|              0,00|
A01| 0||         51 500,00|              0,00|        606 150,20|              0,00|        789 225,80|              0,00|
A01| 0||         51 500,00|              0,00|        606 150,20|              0,00|        789 225,80|              0,00|
A01| 0||         51 500,00|              0,00|        606 150,20|              0,00|        789 225,80|              0,00|
A01| 0||         51 500,00|              0,00|        606 150,20|              0,00|        789 225,80|              0,00|
A01| 0||         51 500,00|              0,00|        606 150,20|              0,00|        789 225,80|              0,00|
A01| 0||         51 500,00|              0,00|        606 150,20|              0,00|        789 225,80|              0,00|
A01| 0||         51 500,00|              0,00|        606 150,20|              0,00|        789 225,80|              0,00|
A01| 0||         51 500,00|              0,00|        606 150,20|              0,00|        789 225,80|              0,00|
A01| 0||         51 500,00|              0,00|        606 150,20|              0,00|        789 225,80|              0,00|
A01| 0||         51 500,00|              0,00|        606 150,20|              0,00|        789 225,80|              0,00|
A01| 0||         51 500,00|              0,00|        606 150,20|              0,00|        789 225,80|              0,00|
A01| 0||         51 500,00|              0,00|        606 150,20|              0,00|        789 225,80|              0,00|
A01| 0||         51 500,00|              0,00|        606 150,20|              0,00|        789 225,80|              0,00|
A01| 0||         51 500,00|              0,00|        606 150,20|              0,00|        789 225,80|              0,00|
A01| 0||         51 500,00|              0,00|        606 150,20|              0,00|        789 225,80|              0,00|
A01| 0||         51 500,00|              0,00|        606 150,20|              0,00|        789 225,80|              0,00|
A01| 0||         51 500,00|              0,00|        606 150,20|              0,00|        789 225,80|              0,00|
A01| 0||         51 500,00|              0,00|        606 150,20|              0,00|        789 225,80|              0,00|
A01| 0||         51 500,00|              0,00|        606 150,20|              0,00|        789 225,80|              0,00|
A01| 0||         51 500,00|              0,00|        606 150,20|              0,00|        789 225,80|              0,00|
A01| 0||         51 500,00|              0,00|        606 150,20|              0,00|        789 225,80|              0,00|
A01| 0||         51 500,00|              0,00|        606 150,20|              0,00|        789 225,80|              0,00|
A01| 0||         51 500,00|              0,00|        606 150,20|              0,00|        789 225,80|              0,00|
A01| 0||         51 500,00|              0,00|        606 150,20|              0,00|        789 225,80|              0,00|
A01| 0||         51 500,00|              0,00|        606 150,20|              0,00|        789 225,80|              0,00|
A01| 0||         51 500,00|              0,00|        606 150,20|              0,00|        789 225,80|              0,00|
A01| 0||         51 500,00|              0,00|        606 150,20|              0,00|        789 225,80|              0,00|
A01| 0||         51 500,00|              0,00|        606 150,20|              0,00|        789 225,80|              0,00|
A01| 0||         51 500,00|              0,00|        606 150,20|              0,00|        789 225,80|              0,00|
A01| 0||         51 500,00|              0,00|        606 150,20|              0,00|        789 225,80|              0,00|
A01| 0||         51 500,00|              0,00|        606 150,20|              0,00|        789 225,80|              0,00|
A01| 0||         51 500,00|              0,00|        606 150,20|              0,00|        789 225,80|              0,00|
A01| 0||         51 500,00|              0,00|        606 150,20|              0,00|        789 225,80|              0,00|
A01| 0||         51 500,00|              0,00|        606 150,20|              0,00|        789 225,80|              0,00|
A01| 0||         51 500,00|              0,00|        606 150,20|              0,00|        789 225,80|              0,00|
A01| 0||         51 500,00|              0,00|        606 150,20|              0,00|        789 225,80|              0,00|
A01| 0||         51 500,00|              0,00|        606 150,20|              0,00|        789 225,80|              0,00|
A01| 0||         51 500,00|              0,00|        606 150,20|              0,00|        789 225,80|              0,00|
A01| 0||         51 500,00|              0,00|        606 150,20|              0,00|        789 225,80|              0,00|
A01| 0||         51 500,00|              0,00|        606 150,20|              0,00|        789 225,80|              0,00|
A01| 0||         51 500,00|              0,00|        606 150,20|              0,00|        789 225,80|              0,00|
A01| 0||         51 500,00|              0,00|        606 150,20|              0,00|        789 225,80|              0,00|
A01| 0||         51 500,00|              0,00|        606 150,20|              0,00|        789 225,80|              0,00|
A01| 0||         51 500,00|              0,00|        606 150,20|              0,00|        789 225,80|              0,00|
A01| 0||         51 500,00|              0,00|        606 150,20|              0,00|        789 225,80|              0,00|
A01| 0||         51 500,00|              0,00|        606 150,20|              0,00|        789 225,80|              0,00|
A01| 0||         51 500,00|              0,00|        606 150,20|              0,00|        789 225,80|              0,00|
A01| 0||         51 500,00|              0,00|        606 150,20|              0,00|        789 225,80|              0,00|
A01| 0||         51 500,00|              0,00|        606 150,20|              0,00|        789 225,80|              0,00|
A01| 0||         51 500,00|              0,00|        606 150,20|              0,00|        789 225,80|              0,00|
A01| 0||         51 500,00|              0,00|        606 150,20|              0,00|        789 225,80|              0,00|
A01| 0||         51 500,00|              0,00|        606 150,20|              0,00|        789 225,80|              0,00|
A01| 0||         51 500,00|              0,00|        606 150,20|              0,00|        789 225,80|              0,00|
A01| 0||         51 500,00|              0,00|        606 150,20|              0,00|        789 225,80|              0,00|
A01| 0||         51 500,00|              0,00|        606 150,20|              0,00|        789 225,80|              0,00|
A01| 0||         51 500,00|              0,00|        606 150,20|              0,00|        789 225,80|              0,00|
A01| 0||         51 500,00|              0,00|        606 150,20|              0,00|        789 225,80|              0,00|
A01| 0||         51 500,00|              0,00|        606 150,20|              0,00|        789 225,80|              0,00|
A01| 0||         51 500,00|              0,00|        606 150,20|              0,00|        789 225,80|              0,00|
A01| 0||         51 500,00|              0,00|        606 150,20|              0,00|        789 225,80|              0,00|
A01| 0||         51 500,00|              0,00|        606 150,20|              0,00|        789 225,80|              0,00|
A01| 0||         51 500,00|              0,00|        606 150,20|              0,00|        789 225,80|              0,00|
A01| 0||         51 500,00|              0,00|        606 150,20|              0,00|        789 225,80|              0,00|
A01| 0||         51 500,00|              0,00|        606 150,20|              0,00|        789 225,80|              0,00|
A01| 0||         51 500,00|              0,00|        606 150,20|              0,00|        789 225,80|              0,00|
A01| 0||         51 500,00|              0,00|        606 150,20|              0,00|        789 225,80|              0,00|
A01| 0||1|2|3|4|5|6|
A03| 00 000|1|2|3|4|5|6|
A03|107 0-8|              0,00|              0,00|              0,00|              0,00|              0,00|              0,00|
A03|207 0-8|              0,00|              0,00|              0,00|              0,00|              0,00|              0,00|
A03|307 0-8|              0,00|              0,00|              0,00|              0,00|              0,00|              0,00|
CLK|         51 500,00|              0,00|        606 150,20|              0,00|        789 225,80|              0,00|
CLK|1|2|3|4|5|6|
MASKA-REF|
MASKA-RADEK||
MASKA-RADEK|Topologické omezení:|
MASKA-RADEK|   IÈO: 60162694|
MASKA-RADEK|   UCS: CVIC CU|
MASKA-RADEK||
MASKA-RADEK|Pevné omezení dat: Správce kapitoly /negativní výèet NS/|
MASKA-RADEK||